-1415,1612,17863,214,6,17991
-520,1179,14844,184,7,14899
-107,1018,15206,215,6,15240
449,-1551,14040,238,5,14132
-993,2729,16718,185,7,16968
-1588,530,15310,216,6,15401
-661,384,17289,239,5,17305
-642,1566,16920,186,7,17004
-1163,2523,17085,217,6,17309
-743,-1790,12218,240,5,12370
-294,-198,15860,187,7,15863
-1106,1132,16293,218,6,16369
-756,-1224,17897,241,5,17954
-794,2194,15551,219,6,15725
760,-1687,17298,242,5,17396
-1008,1560,13510,189,7,13637
584,1374,15550,220,6,15621
1131,-373,12002,243,5,12060
-1983,1311,15935,190,7,16111
-1890,2159,15314,221,6,15580
-1116,-715,16636,244,5,16688
-7,2394,14180,191,7,14380
-2029,2799,14393,222,6,14802
-1970,-646,9852,245,5,10067
-1211,1844,16044,192,7,16194
-1083,2067,17144,223,6,17302
-1320,-486,19813,246,5,19862
-1332,2704,15342,193,7,15635
639,-1107,19686,247,5,19727
-568,2824,15641,194,7,15904
-1603,1516,14476,225,6,14643
-997,-643,16211,248,5,16254
866,1740,16420,195,7,16534
-919,1740,13533,226,6,13675
-2228,-166,16438,249,5,16589
-1261,1810,14933,196,7,15095
-1640,1877,14479,227,6,14691
-283,-955,15066,250,5,15098
-1214,2469,15679,228,6,15918
-2020,-1806,21783,251,5,21950
-2121,2251,15889,229,6,16187
-2246,-1416,20644,252,5,20814
-2500,1093,14682,199,7,14933
-2375,817,19211,1,4,19374
-1928,2664,17279,230,6,17589
1827,257,14390,200,7,14507
-2402,1458,16655,231,6,16890
-1682,-628,19911,254,5,19991
466,2758,14445,201,7,14713
-1296,836,14878,232,6,14957
-1630,-1377,17212,255,5,17343
-3488,986,15858,233,6,16266
-974,751,16909,203,7,16953
-1739,2455,16939,234,6,17204
-356,554,16733,1,5,16745
-1370,-1800,17415,2,5,17561
-881,-1446,15191,205,7,15285
-2499,3066,17738,236,6,18173
-567,1639,16094,206,7,16187
-1596,381,14996,237,6,15085
-616,3355,14216,207,7,14619
-803,1085,16201,238,6,16257
-1699,-1660,17331,5,5,17493
-1881,2390,17520,208,7,17782
-1773,510,15972,239,6,16078
-1467,-1943,15941,6,5,16125
-759,1801,16060,209,7,16178
-2692,2266,16988,240,6,17348
-875,-573,18350,7,5,18379
566,2110,16364,210,7,16509
-2135,334,16928,241,6,17065
-1566,-1609,15662,8,5,15822
922,4059,14017,211,7,14621
-1209,-313,16878,212,7,16924
-1637,1916,18456,243,6,18627
482,-2928,16338,10,5,16605
-817,-638,17411,213,7,17441
-1274,2325,18151,244,6,18343
-1,-1106,17256,11,5,17291
-872,1832,17793,214,7,17908
-1593,3803,9842,245,6,10670
-63,-957,14039,12,5,14071
757,-176,16964,215,7,16981
-2751,3016,19948,246,6,20361
-1207,-377,16567,13,5,16615
396,499,15235,216,7,15248
-772,-194,18296,14,5,18313
-1680,2027,17397,217,7,17595
-2795,1931,12820,248,6,13262
-959,-2112,15656,15,5,15826
-484,887,18946,218,7,18972
-1543,-1222,12967,249,6,13115
-711,-1389,18344,16,5,18410
-2759,3698,19759,219,7,20290
-1864,2271,20493,250,6,20702
-735,-1737,16767,17,5,16872
-2032,529,15825,251,6,15963
-1267,-1553,15788,18,5,15914
-1086,4122,16385,222,7,16930
-1107,418,14099,253,6,14148
-711,-835,15694,20,5,15732
-1633,646,15586,223,7,15684
-1211,1097,14536,254,6,14627
-91,-254,12485,21,5,12487
-837,1036,10605,255,6,10688
-409,-1342,15593,22,5,15655
-247,-280,16366,23,5,16370
570,-699,9006,24,5,9051
-889,1134,18307,2,6,18363
-1387,-2564,16555,25,5,16809
-81,2122,15109,3,6,15257
-98,-525,15715,26,5,15724
-1031,1936,16584,4,6,16728
-1506,-113,17614,27,5,17678
-929,312,14763,230,7,14795
-1342,3641,15734,5,6,16205
-296,-777,15556,28,5,15578
-5,992,15623,231,7,15654
-1348,3318,13795,6,6,14252
-1161,-317,15724,29,5,15769
-731,2680,15734,232,7,15977
464,3120,15755,7,6,16067
1031,-787,16934,30,5,16983
-1293,2060,16328,233,7,16508
-2,1367,16254,8,6,16311
-243,294,16704,31,5,16708
-3053,3857,15688,234,7,16441
-1059,-995,16732,9,6,16794
-81,-2520,16919,32,5,17105
-69,2353,16636,235,7,16801
-1545,-931,16118,10,6,16218
-199,-2332,18031,33,5,18182
288,1678,16747,236,7,16833
-1007,-1446,18068,11,6,18153
-2210,2424,17504,237,7,17808
-501,-319,15075,12,6,15086
501,-2431,18816,35,5,18979
-176,2087,15847,238,7,15984
-1397,504,14056,13,6,14134
410,-1225,13748,36,5,13808
-221,1051,15018,239,7,15056
325,2958,12765,14,6,13107
-440,-891,16657,37,5,16686
-531,1683,15638,240,7,15737
-1688,3405,15089,15,6,15560
-594,796,14916,38,5,14949
533,1592,14749,241,7,14844
-1014,-2487,19886,39,5,20066
-1565,659,17729,242,7,17810
485,1514,16032,17,6,16110
-934,-2002,17960,40,5,18095
-2139,2760,17248,243,7,17597
-1979,296,20618,18,6,20714
-1452,-1532,19802,41,5,19914
-1922,1987,16170,244,7,16404
-1593,-1766,15354,19,6,15537
267,1552,13991,245,7,14079
-1711,-2058,15976,20,6,16198
-101,-1094,12491,43,5,12539
-2475,642,15211,21,6,15424
-1285,-1818,20296,44,5,20417
1081,1521,14070,247,7,14193
-1806,1697,14792,22,6,14998
-935,-1968,16880,45,5,17020
2242,622,13766,248,7,13961
-515,2134,13207,23,6,13388
654,693,17308,249,7,17334
-437,3194,15254,24,6,15590
-98,-380,17896,47,5,17900
-1334,3152,14935,25,6,15322
586,920,14334,48,5,14375
-3087,1119,18536,26,6,18824
-1818,-1908,18760,49,5,18944
-427,862,16686,252,7,16713
-1886,1348,12624,27,6,12835
-1399,2749,16687,253,7,16969
-1163,1370,12905,28,6,13029
-605,398,16475,254,7,16490
-2196,1214,14863,29,6,15073
-2462,-1064,13609,52,5,13870
-1806,289,15846,30,6,15951
-624,-739,13165,53,5,13200
-868,-1105,17438,54,5,17494
-500,1234,15850,1,7,15905
-731,1226,12704,32,6,12783
-1310,-1611,18154,55,5,18272
-3075,2509,16702,2,7,17167
-1325,2862,19317,33,6,19572
-172,-533,17298,56,5,17307
-2394,520,17933,3,7,18099
-929,2670,18293,34,6,18510
-1926,3622,14416,4,7,14988
-1976,-1393,17626,58,5,17791
390,1837,14433,36,6,14554
323,-1925,11391,59,5,11557
-738,1782,14553,6,7,14680
-913,1155,10630,37,6,10731
-506,-1373,14330,60,5,14404
-4000,813,14556,38,6,15117
885,4838,13542,8,7,14407
-577,-514,17647,62,5,17663
-1420,5031,16178,9,7,17001
-1501,953,12328,40,6,12455
-1454,-2092,17322,63,5,17508
-1494,-697,17033,10,7,17112
-1379,546,19169,41,6,19226
-2483,-1473,13532,64,5,13836
-73,2531,16140,11,7,16337
-2308,3945,14846,12,7,15533
-1124,866,15768,43,6,15831
-1084,-913,18128,66,5,18183
484,2499,19402,44,6,19568
-584,-261,14664,67,5,14677
-149,-289,15531,14,7,15534
-437,2171,16764,45,6,16909
-349,-1474,14790,68,5,14867
303,430,12940,46,6,12950
1722,-163,20614,69,5,20686
731,4196,13859,16,7,14498
-176,948,10802,70,5,10844
-1566,2591,12684,17,7,13040
-2229,940,21369,48,6,21505
-253,-1717,16894,71,5,16982
-213,2691,16123,18,7,16347
-424,672,13006,49,6,13030
770,-2380,11597,72,5,11863
-1946,3434,15531,19,7,16024
-873,1052,18450,50,6,18500
-1448,-1570,19062,73,5,19181
-1312,2420,15291,20,7,15536
-1929,1668,15646,21,7,15852
1923,2410,12029,52,6,12417
816,-2284,12970,75,5,13194
-2473,2119,16479,22,7,16797
-1247,-167,15890,53,6,15939
-467,1896,17247,23,7,17357
-1556,1319,18256,54,6,18369
-1588,3850,16173,24,7,16700
-689,1003,15322,55,6,15370
-2251,-1768,17102,78,5,17339
-2101,1288,16706,25,7,16886
-1741,-823,12862,56,6,13005
540,-662,14047,79,5,14072
-623,1822,17121,26,7,17228
-307,-1718,16594,80,5,16685
-470,2676,18096,27,7,18298
594,-793,22992,81,5,23013
-254,-173,17538,28,7,17540
-579,2454,11794,59,6,12060
-1185,-941,16868,82,5,16935
-1013,928,16573,29,7,16629
291,3799,13069,60,6,13613
-347,-2269,19914,83,5,20045
-1016,849,17694,30,7,17743
-1133,1688,20688,61,6,20787
947,-2616,18997,84,5,19199
-338,2916,18325,31,7,18558
-18,2323,16461,62,6,16624
-2163,956,14184,63,6,14379
-1761,-47,21901,86,5,21971
424,3071,14813,33,7,15133
-1504,-305,11493,64,6,11595
3133,-2454,16865,87,5,17328
-1445,1930,18154,65,6,18313
-1778,703,7249,88,5,7496
-420,1658,16002,35,7,16093
-1973,-292,14431,66,6,14568
-1189,-944,13138,89,5,13225
-1164,3919,14492,36,7,15057
-630,793,13946,67,6,13982
-1219,1922,16762,37,7,16915
-993,1803,15882,68,6,16014
-2672,-375,18324,91,5,18521
-684,-117,14860,38,7,14876
-1931,587,17838,69,6,17951
-1538,-517,13425,92,5,13522
-1524,1889,13499,39,7,13715
-1838,2163,14616,70,6,14889
960,-992,13382,93,5,13453
-567,1572,15782,40,7,15870
-744,-363,17888,94,5,17907
-1632,370,14644,41,7,14739
-1825,3399,16566,72,6,17009
1048,-28,17376,95,5,17407
-343,3399,15472,42,7,15844
-1293,2947,19572,73,6,19834
257,-1191,5986,96,5,6108
-813,1560,16750,43,7,16842
-738,1029,12703,74,6,12765
-4496,-1538,21751,97,5,22263
-848,2086,13697,44,7,13880
-3173,-249,16362,75,6,16668
-117,683,8195,98,5,8224
-415,2207,15939,45,7,16096
-828,1619,19356,76,6,19441
-1180,1111,13780,46,7,13874
-450,1244,19277,77,6,19322
-316,-2694,16308,100,5,16532
-865,584,16310,47,7,16343
-1990,2314,17447,78,6,17711
-956,1440,13275,101,5,13387
-1978,-199,16088,48,7,16210
-1195,2155,15147,79,6,15346
-1459,-445,20730,102,5,20786
-1687,2643,14498,49,7,14833
-1330,-298,16464,80,6,16520
-516,1062,14580,104,5,14627
-1644,2224,12974,82,6,13265
-11,-2162,17260,105,5,17394
-361,878,15789,52,7,15817
-928,1376,17329,83,6,17408
-225,-1121,22973,106,5,23001
-1467,2223,16645,53,7,16856
-1051,2691,19361,84,6,19575
-247,-409,16461,107,5,16467
-303,2489,16960,54,7,17144
-1581,-1336,14390,108,5,14538
-1064,1712,12969,86,6,13124
288,-1411,12828,109,5,12908
-1081,3050,14714,56,7,15065
-949,1825,12552,87,6,12719
-995,-1894,13745,110,5,13910
-2926,-155,16994,88,6,17244
831,-130,15079,111,5,15102
1010,2161,13893,58,7,14096
-38,1521,13578,89,6,13662
-440,-1173,18357,112,5,18399
-2355,1228,15632,59,7,15856
-2192,1462,14763,90,6,14996
526,-948,10914,113,5,10967
-1188,1657,14198,60,7,14343
