3152,-2366,15596,119,6,16086
357,-1235,14571,120,6,14627
681,2520,13421,143,5,13672
-1459,-1709,15881,121,6,16039
-1291,-2005,15445,144,5,15628
-4408,-2451,15599,91,7,16394
-1650,-3013,11801,122,6,12290
1230,-2077,14654,145,5,14851
-419,-1977,16616,92,7,16738
-145,-867,15929,123,6,15953
298,-1624,11829,146,5,11943
-2785,-2218,15563,93,7,15965
-3303,-905,12806,124,6,13256
-697,661,18758,147,5,18782
-1726,-1699,17123,148,5,17293
-3195,-1601,14136,149,5,14580
-2996,-109,15255,96,7,15546
-1265,1632,14757,127,6,14900
-1266,-395,16966,97,7,17017
696,-1896,18051,128,6,18163
-2029,-441,16056,151,5,16189
1928,-447,14365,98,7,14500
-1838,-1600,16282,152,5,16463
-1749,746,15406,99,7,15522
-4682,525,18266,130,6,18863
-2216,2774,16613,153,5,16988
1390,-431,15260,100,7,15329
-1591,4331,14792,131,6,15494
-2591,6047,14417,154,5,15847
-5505,-1424,15224,101,7,16251
-1160,-639,17474,132,6,17524
896,2670,15270,155,5,15527
-1356,693,15288,102,7,15363
-897,2945,14134,133,6,14465
-1700,751,15509,156,5,15619
-1942,2680,16676,157,5,17001
-3269,1936,16575,104,7,17004
-2294,3190,20882,135,6,21248
-3101,4968,16054,158,5,17088
-3225,-701,14861,105,7,15223
-1081,-2438,15727,136,6,15951
-2312,-1595,15275,159,5,15531
-242,-422,16430,106,7,16437
-1879,1201,18184,137,6,18320
3024,1716,15557,107,7,15940
-1618,2914,15678,138,6,16028
-37,-2851,14180,108,7,14463
-241,392,15664,109,7,15670
-65,-378,15512,140,6,15516
-1654,1181,17040,163,5,17160
-373,-3819,17426,110,7,17843
3591,1880,15272,164,5,15800
1586,635,17651,111,7,17733
2493,-6,17206,165,5,17385
2523,-1050,14664,112,7,14916
-4779,-1438,15565,166,5,16345
438,-324,16857,113,7,16865
-3454,-113,13054,144,6,13503
-1686,-2300,16041,167,5,16292
-2392,600,18428,145,6,18592
647,-1427,13445,115,7,13535
-1547,-2939,18408,146,6,18705
-2549,1017,16552,169,5,16777
-3272,-1100,18675,116,7,18991
-2660,-1131,16327,147,6,16580
-783,522,13946,117,7,13977
-1134,1114,17077,171,5,17150
-806,752,15061,118,7,15101
301,797,18894,1,4,18913
-1601,-325,14611,149,6,14702
-1048,-464,16561,172,5,16600
-1710,604,14508,119,7,14620
-1545,2264,13671,2,4,13943
-5611,1928,17281,150,6,18271
-2645,-1268,16075,173,5,16340
-4442,531,15466,120,7,16100
-2652,-1597,18359,3,4,18618
-2158,-2238,13678,151,6,14026
-5352,516,14440,121,7,15408
-4867,4587,19681,4,4,20786
-2769,1604,14630,152,6,14975
-5282,2717,15324,175,5,16434
-5351,425,16366,122,7,17223
-1031,-78,19816,5,4,19842
-2692,-2232,15256,153,6,15651
-2715,-97,15459,176,5,15695
-1141,-473,16756,123,7,16801
-1942,4219,18365,6,4,18943
-2907,3456,14523,154,6,15208
957,1045,16651,177,5,16711
-313,2785,15095,155,6,15352
-4688,3578,14490,178,5,15644
-1909,6342,15688,125,7,17028
1057,6125,15417,8,4,16622
-2425,3628,16391,179,5,16961
-2632,-2373,13539,9,4,13995
-605,-2288,14312,157,6,14506
-3034,-531,16639,180,5,16921
1646,-1491,17453,127,7,17593
-2755,3832,18210,10,4,18811
-1742,-18,16754,158,6,16844
-2570,2572,17820,128,7,18187
1515,-985,17399,11,4,17492
-461,-1266,14268,159,6,14331
-1766,-1499,16017,182,5,16183
-1532,-1334,17628,129,7,17744
-1230,1695,12168,12,4,12346
-267,-126,15957,160,6,15959
-1479,583,16032,183,5,16110
921,-597,16736,130,7,16771
481,1291,20991,13,4,21036
-3417,-4783,15612,161,6,16681
-1373,-347,15699,184,5,15762
-1541,-1146,17976,131,7,18078
2021,2441,17404,14,4,17690
2122,470,15102,162,6,15257
-1334,2188,15350,185,5,15562
3494,-3255,18899,132,7,19492
4150,384,10641,15,4,11428
1190,-2859,13641,163,6,13988
4041,-2645,13427,186,5,14269
1096,1421,16324,133,7,16422
-5648,-2174,20078,16,4,20970
-3358,-1399,15276,164,6,15703
-179,-1662,15915,134,7,16002
-4228,-246,20987,17,4,21410
-2779,-11,15364,165,6,15613
-1951,263,17081,188,5,17194
391,-939,13807,18,4,13844
-715,-2253,14009,166,6,14207
-333,-3595,15508,189,5,15922
-1264,2480,16376,136,7,16610
356,2998,19123,19,4,19359
-1300,1528,18009,167,6,18120
672,1634,14027,190,5,14137
-1943,1184,13264,137,7,13457
-3972,-1399,15768,20,4,16320
-3616,-4195,14458,168,6,15482
615,-1045,17005,191,5,17048
-1417,-4935,15826,138,7,16638
-971,615,14879,21,4,14923
-4276,3146,14260,192,5,15216
-1668,1151,17640,139,7,17756
-1921,-987,25206,22,4,25298
-811,-957,13931,170,6,13987
-1168,-1956,14610,193,5,14786
-2652,381,16760,140,7,16972
-1003,1104,18731,23,4,18790
-2853,2004,15952,171,6,16328
683,1886,14553,141,7,14690
-2982,4243,13006,24,4,14001
-4501,-591,14770,172,6,15451
-2829,466,17894,195,5,18122
-1337,824,12860,173,6,12955
-2699,3283,17326,196,5,17839
-4030,2562,15768,143,7,16475
-6451,1178,17072,26,4,18288
-3534,-918,16720,174,6,17114
-4901,2614,15860,197,5,16804
-1409,368,16630,144,7,16693
-3839,4515,14893,175,6,16028
-441,1937,15424,198,5,15551
-39,7142,15829,28,4,17365
-869,3226,14894,199,5,15264
-501,5387,17592,146,7,18405
1596,4042,16643,29,4,17201
-1721,2373,15118,177,6,15399
-4432,-1046,11555,200,5,12419
-360,3006,15680,147,7,15969
-3652,-4084,17222,30,4,18072
-3670,-1820,15055,178,6,15602
-581,-612,15509,148,7,15531
-3434,3318,16035,31,4,16730
2192,2254,14816,179,6,15145
-1784,-42,15818,202,5,15918
386,4090,15691,149,7,16219
-1237,-437,15418,180,6,15473
1463,2331,16175,203,5,16407
-177,-545,18014,150,7,18023
-397,-600,18938,181,6,18951
-1221,2053,14650,204,5,14843
-1685,1036,19216,151,7,19317
-1477,-1437,13102,182,6,13263
-457,-1227,16170,205,5,16222
-714,-2446,16499,152,7,16694
357,-2086,17263,183,6,17392
-603,-990,15437,206,5,15480
2362,-539,16849,153,7,17022
-313,-3733,17548,207,5,17943
3401,-5066,14681,154,7,15898
2089,1013,14264,185,6,14451
4749,-1061,15674,208,5,16411
2512,-4748,15214,155,7,16134
-2811,-2256,12245,186,6,12764
-1735,-462,17472,209,5,17564
-2195,-626,15311,156,7,15480
-339,769,18836,187,6,18854
-1118,-137,17581,210,5,17617
1491,-1375,13325,157,7,13478
-4359,-1239,17699,188,6,18269
-1244,-1283,16685,211,5,16780
-1119,-1464,14334,212,5,14451
603,-571,15132,159,7,15154
-5937,-1281,16802,190,6,17866
-1924,-936,16624,213,5,16761
-1391,-99,14125,191,6,14193
-4770,2645,12712,214,5,13832
-1423,581,15315,215,5,15391
-2286,-4199,15432,162,7,16155
-6168,1286,17105,193,6,18228
-3989,814,15387,163,7,15916
-3081,813,14841,194,6,15179
-4860,688,16486,164,7,17201
-4185,3123,13606,195,6,14573
-6679,1277,16254,218,5,17619
-4412,990,16870,165,7,17465
-1113,3964,16751,196,6,17249
-2406,1357,16660,219,5,16887
-1855,1260,17883,166,7,18023
-1901,5832,15729,197,6,16882
-702,2425,17945,220,5,18121
613,3571,15743,167,7,16154
-1812,-1934,15499,221,5,15723
-5669,1247,13796,199,6,14967
-1528,4261,15744,222,5,16381
948,-3198,17881,169,7,18189
-1227,-707,15652,223,5,15715
-1419,2832,16538,170,7,16838
-1456,-165,16408,201,6,16473
-2182,658,15384,224,5,15551
754,2460,15906,171,7,16112
-651,2595,16811,202,6,17022
-1801,2240,17114,225,5,17353
-1288,-846,15652,172,7,15727
-2277,-507,14614,226,5,14799
-275,289,16085,173,7,16089
-1519,1195,18187,227,5,18289
-7,-2263,14293,174,7,14471
-2147,-4163,13426,205,6,14219
-8,-6590,17033,228,5,18263
-132,-2063,13962,175,7,14114
2493,1514,14642,206,6,14929
4019,554,15958,229,5,16465
1512,-573,15132,176,7,15218
2971,-2533,17750,207,6,18174
-1675,-3352,16047,230,5,16478
-4131,-721,19012,208,6,19468
-3093,2272,16874,231,5,17304
-515,-3942,15990,209,6,16476
-301,-2775,15478,232,5,15727
-976,-559,18085,179,7,18119
-3845,1116,13516,210,6,14096
-2464,296,18556,233,5,18721
-859,943,14183,180,7,14240
-990,942,20586,211,6,20631
-2505,-4811,16571,181,7,17436
-1852,-293,14973,212,6,15089
272,-841,16024,213,6,16048
-1507,694,15675,236,5,15762
-884,-1985,15500,183,7,15651
-2964,-53,17089,214,6,17344
-3889,2621,14318,184,7,15066
-5267,392,13384,215,6,14388
-2421,400,17484,238,5,17655
-1414,805,16465,185,7,16545
-3090,337,15066,216,6,15383
-2182,476,16308,239,5,16460
-3829,-1363,14261,186,7,14828
-2474,2665,17676,240,5,18046
-1416,7425,16988,218,6,18593
-3713,5327,15578,241,5,16877
1047,1861,17295,188,7,17426
-1906,-319,14591,242,5,14718
-1897,390,13552,220,6,13689
-1802,-225,17694,243,5,17786
-1380,-2500,18200,190,7,18422
-289,1140,14891,221,6,14937
-2047,2010,16631,244,5,16876
-1387,3485,15725,191,7,16166
1345,-12,15663,245,5,15720
-2087,1970,15264,192,7,15531
1115,504,13797,223,6,13851
-2488,2665,14115,246,5,14578
-1517,-960,17124,193,7,17217
-2620,-2277,17655,224,6,17993
1078,-2953,14748,247,5,15079
-1437,-299,15879,194,7,15946
-1222,1139,15661,225,6,15749
-1352,4073,15378,248,5,15965
897,-247,17550,195,7,17574
-2425,-1129,15168,226,6,15402
1151,-2552,15221,249,5,15476
1586,-2233,14337,227,6,14596
2424,-1086,16299,197,7,16514
3444,-1891,17468,228,6,17904
622,-2061,16035,251,5,16178
1802,-4606,14756,198,7,15562
-3297,2047,17624,229,6,18046
-2713,4463,14650,252,5,15553
-1118,594,14230,199,7,14286
-2397,-1996,17826,230,6,18096
634,-2762,16850,253,5,17086
-876,-2648,15469,200,7,15718
-2517,1962,15891,231,6,16208
-2194,1716,15448,254,5,15697
-3500,1561,13960,201,7,14476
2927,3660,12481,2,4,13331
2928,-827,17690,232,6,17949
-581,-590,13681,255,5,13706
-1317,-2361,18549,202,7,18744
-2988,-1549,18795,3,4,19093
-3801,385,12907,233,6,13460
-97,548,17458,203,7,17466
-569,2431,17084,4,4,17265
-783,-1085,14324,234,6,14386
-363,-2223,18000,204,7,18140
1814,-3511,18334,5,4,18755
-2797,-321,17854,235,6,18074
-1248,-1340,15063,2,5,15173
-2208,2498,14346,205,7,14728
-1889,3696,18342,6,4,18805
-1712,-452,15618,236,6,15718
-3291,-1254,14843,3,5,15255
-879,734,16347,206,7,16387
-2920,700,13889,7,4,14209
-24,-1109,16990,4,5,17026
-1377,4604,16584,8,4,17266
-1368,2148,15902,238,6,16104
-2214,686,16328,208,7,16491
1134,7621,17081,9,4,18738
-3232,3323,14826,239,6,15533
-3284,3775,16652,6,5,17387
964,1830,14347,209,7,14495
-890,7458,17367,10,4,18921
-1729,-2300,16364,7,5,16615
1092,2898,15738,210,7,16039
-1335,-4762,16762,11,4,17476
-3726,-822,14502,241,6,14995
-794,690,15093,242,6,15129
-2909,-694,14726,9,5,15026
-3681,1637,16419,212,7,16906
2301,-1906,12919,13,4,13260
-4030,-2462,15936,243,6,16621
-2055,320,14750,10,5,14895
-121,-1958,16305,213,7,16422
2124,-741,14214,14,4,14390
-268,4179,14777,11,5,15358
-1143,457,16830,15,4,16874
-2168,-1921,14519,12,5,14805
-1478,-1160,22603,16,4,22680
-129,1194,18019,246,6,18058
350,903,15918,13,5,15947
458,-545,15706,216,7,15722
1914,4415,16823,17,4,17497
-820,-3627,17096,247,6,17495
-2417,-4281,15054,14,5,15836
456,-2878,15808,217,7,16074
-2477,-643,14731,15,5,14951
-823,-3182,12561,19,4,12983
3128,-456,17707,249,6,17986
5132,-138,15046,16,5,15897
1831,-1421,14006,219,7,14196
3317,-172,17439,20,4,17752
-454,-1865,13224,250,6,13362
-1413,-672,15230,17,5,15310
-755,386,18209,220,7,18228
-3898,3056,16122,21,4,16865
-862,390,15226,251,6,15255
-331,-1853,15646,18,5,15758
-1036,1524,15328,221,7,15438
-3264,-2193,17111,252,6,17557
-958,-2238,16986,222,7,17159
534,1658,13790,253,6,13899
-985,3936,14877,20,5,15420
-3066,-800,17397,223,7,17683
-1569,-1808,18790,254,6,18941
-1996,-1431,17208,21,5,17382
1244,427,17182,224,7,17232
-1558,-1798,16533,255,6,16703
-1222,-27,15952,22,5,15998
-953,625,14716,225,7,14760
-761,-2951,16011,23,5,16298
494,-925,14893,226,7,14929
-529,563,18950,1,6,18965
-2078,627,15025,227,7,15180
-4453,-339,16537,2,6,17129
-2006,-95,17186,25,5,17302
-3026,-746,15348,228,7,15661
-1983,3229,17163,3,6,17576
-1773,3800,16624,26,5,17144
-989,-1066,17555,229,7,17615
-2083,3308,13922,4,6,14460
-2167,4628,12853,27,5,13831
-2961,-2103,14153,230,7,14611
374,-1682,17022,28,5,17108
-1889,-1478,15563,231,7,15746
-2008,2709,16632,29,5,16970
-1543,-1014,17948,232,7,18042
-1473,-61,16458,7,6,16523
-2374,931,15655,30,5,15861
-848,4854,14440,233,7,15257
-2806,-2190,16818,31,5,17190
-2367,4110,13765,9,6,14559
-904,1149,15556,32,5,15624
-1066,-1872,15215,235,7,15366
-2300,-3449,16619,33,5,17128
-3986,-9,15983,11,6,16472
-2894,2862,16993,34,5,17473
-1445,-4721,14206,12,6,15039
1678,-4288,14968,35,5,15660
-2342,-4858,16120,238,7,16998
-2261,-2743,18458,13,6,18797
334,-1229,16859,36,5,16907
-749,1660,15846,239,7,15950
1845,-887,19710,14,6,19816
504,-1490,17022,37,5,17094
6619,-2448,15470,240,7,17003
3939,2480,16075,241,7,16735
-3112,-1966,16261,16,6,16672
-3743,-1547,15950,39,5,16456
388,-3755,16138,242,7,16573
-651,1749,16102,40,5,16209
-2388,-240,15471,18,6,15656
-1033,1927,17738,244,7,17872
-25,-2337,17482,19,6,17637
631,-1064,15755,42,5,15803
-741,-189,16535,245,7,16552
-147,582,13749,20,6,13762
1283,-259,15972,43,5,16025
-3859,742,16636,21,6,17093
-2565,1828,15903,44,5,16211
339,-4164,16561,247,7,17079
385,1349,12612,22,6,12689
-1694,1191,14796,45,5,14940
-3229,786,17029,248,7,17350
-720,1253,14995,249,7,15064
-2594,675,16301,24,6,16519
-3091,1163,17658,47,5,17964
-3640,2729,14475,48,5,15173
-1784,-707,16767,251,7,16876
-3240,-447,15856,26,6,16189
-2096,-2515,16206,49,5,16533
-3189,-383,17335,252,7,17630
-1016,-739,13612,27,6,13669
-714,2201,15810,50,5,15978
-1340,-9,15231,253,7,15289
1301,900,16852,28,6,16926
-953,-1305,16524,51,5,16602
-2089,-2716,15392,254,7,15768
-951,1220,19098,29,6,19160
-1197,1419,16224,52,5,16329
-887,-451,14497,30,6,14531
-2338,-2,16514,53,5,16678
-1946,-131,15428,54,5,15550
-305,-1251,16656,32,6,16705
-1965,1530,15804,55,5,15999
-36,-1050,17564,2,7,17595
1242,-3333,14377,33,6,14810
576,-1907,16057,3,7,16180
