-1445,1214,15432,103,6,15546
-770,1598,15927,73,7,16025
-1385,1215,15476,104,6,15585
-722,-883,16012,127,5,16052
-827,1665,15887,74,7,15995
-1308,1198,15509,105,6,15610
-707,-846,15856,128,5,15894
-739,1646,15968,75,7,16069
-1353,1206,15540,106,6,15645
-684,-910,16000,129,5,16040
-813,1638,16016,76,7,16120
-1350,1260,15523,107,6,15632
-728,-808,15636,130,5,15673
-863,1610,15914,77,7,16018
-1339,1221,15578,108,6,15683
-742,-872,16060,131,5,16100
-869,1580,15972,78,7,16073
-766,1683,16043,79,7,16149
-1378,1198,15612,110,6,15718
-670,-877,16038,133,5,16075
-779,1604,16098,80,7,16196
-1359,1241,15509,111,6,15617
-727,-852,16040,134,5,16079
-841,1673,16010,81,7,16119
-1356,1178,15465,112,6,15568
-760,-879,16054,135,5,16095
-330,677,16616,1,4,16633
-1393,1206,15502,113,6,15611
-721,-841,16070,136,5,16108
-856,1641,16004,83,7,16110
-1326,1189,15493,114,6,15595
-747,-834,15938,137,5,15977
-821,1608,16132,84,7,16232
-1339,1240,15554,115,6,15660
-693,-883,16080,138,5,16119
-842,1691,16016,85,7,16127
-1391,1253,15518,116,6,15630
-723,-843,15814,139,5,15852
-775,1689,16000,86,7,16107
-641,-840,16034,140,5,16068
-791,1653,16028,87,7,16132
-1382,1240,15420,118,6,15531
-661,-863,15876,141,5,15913
-887,1639,16066,88,7,16173
-1401,1233,15466,119,6,15578
-668,-859,16004,142,5,16040
-806,1691,15928,89,7,16037
-1395,1294,15415,120,6,15531
-699,-885,15774,143,5,15814
-866,1674,15969,90,7,16079
-1287,1198,15449,121,6,15548
-748,-894,15960,144,5,16002
-1338,1216,15410,122,6,15515
-727,-845,15861,145,5,15900
-828,1643,16016,92,7,16121
-1407,1237,15423,123,6,15536
-987,-895,15938,146,5,15993
-783,1646,16010,93,7,16113
-1358,1247,15471,124,6,15580
-669,-849,15916,147,5,15952
-810,1708,16012,94,7,16123
-1363,1258,15489,125,6,15599
-1362,1252,15513,126,6,15622
-897,1703,16066,96,7,16180
-1337,1259,15471,127,6,15579
-709,-908,15973,150,5,16014
-865,1699,16040,97,7,16152
-1386,1236,15529,128,6,15639
-689,-877,16119,151,5,16157
-772,1682,16064,98,7,16170
-1393,1203,15599,129,6,15707
-713,-889,15965,152,5,16005
-774,1690,16078,99,7,16185
-1327,1236,15534,130,6,15639
-691,-887,16100,153,5,16139
-806,1651,16032,100,7,16136
-1384,1258,15557,131,6,15669
-797,1642,16118,101,7,16221
-1352,1261,15502,132,6,15611
-684,-913,16060,155,5,16100
-865,1680,15977,102,7,16088
-1301,1232,15522,133,6,15625
-633,-875,15888,156,5,15924
-806,1655,15986,103,7,16091
-1379,1222,15452,134,6,15561
-692,-887,15964,157,5,16003
-789,1695,16018,104,7,16126
-1328,1175,15591,135,6,15691
-683,-881,15936,158,5,15974
-808,1624,15970,105,7,16072
-734,-875,15919,159,5,15959
-850,1651,15976,106,7,16083
-1389,1210,15497,137,6,15606
-664,-881,15982,160,5,16020
-848,1618,16005,107,7,16108
-1404,1225,15448,138,6,15559
-709,-858,15862,161,5,15901
-837,1669,15966,108,7,16074
-1395,1258,15483,139,6,15596
-691,-911,15955,162,5,15995
-740,1602,15900,109,7,15997
-1393,1250,15443,140,6,15556
-693,-877,15889,163,5,15928
-1399,1304,15528,141,6,15645
-737,-880,16063,164,5,16103
-798,1676,15971,111,7,16078
-1350,1293,15502,142,6,15614
-699,-901,15904,165,5,15944
-839,1659,15987,112,7,16094
-1292,1240,15477,143,6,15580
-662,-887,16092,166,5,16130
-814,1634,16024,113,7,16127
-1348,1237,15472,144,6,15579
-666,-892,15928,167,5,15966
-769,1650,16008,114,7,16111
-1406,1206,15504,145,6,15614
-848,1640,16017,115,7,16123
-1416,1214,15534,146,6,15645
-680,-848,16050,169,5,16086
-793,1669,16010,116,7,16116
-1417,1207,15534,147,6,15645
-726,-915,16037,170,5,16079
-1402,1198,15514,148,6,15623
-689,-907,15978,171,5,16018
-821,1682,15942,118,7,16051
-1334,1194,15485,149,6,15588
-697,-917,15933,172,5,15974
-845,1576,16032,119,7,16131
-1419,1217,15494,150,6,15606
-1348,1219,15503,151,6,15609
-1417,1173,15459,152,6,15568
-779,-916,16083,175,5,16127
-786,1653,15965,122,7,16069
-1368,1242,15441,153,6,15551
-721,-897,15860,176,5,15901
-787,1607,15991,123,7,16090
-1356,1202,15421,154,6,15527
-721,-881,16031,177,5,16071
-573,1586,16003,124,7,16091
-735,-905,15844,178,5,15886
-738,1544,15982,125,7,16073
-1341,1202,15354,156,6,15459
-683,-917,16001,179,5,16041
-840,1664,15999,126,7,16107
-1330,1310,15430,157,6,15542
-718,-806,15913,180,5,15949
-807,1733,16070,127,7,16183
-1339,1264,15433,158,6,15542
-682,-858,15960,181,5,15997
-804,1659,16049,128,7,16154
-1445,1260,15446,159,6,15564
-678,-848,16003,182,5,16039
-1416,1291,15432,160,6,15550
-682,-857,15996,183,5,16033
-777,1617,16042,130,7,16142
-1446,1230,15464,161,6,15580
-689,-892,16068,184,5,16107
-840,1659,16076,131,7,16183
-251,644,16550,1,4,16564
-1291,1228,15427,162,6,15529
-739,-832,15954,185,5,15992
-756,1654,16012,132,7,16114
-1403,1256,15463,163,6,15577
-692,-856,16188,186,5,16225
-707,-798,15952,187,5,15987
-789,1662,16068,134,7,16172
-1340,1200,15469,165,6,15573
-749,-871,16133,188,5,16173
-729,1552,16074,135,7,16165
-1350,1228,15427,166,6,15534
-680,-883,15976,189,5,16014
-853,1639,15956,136,7,16062
-1417,1216,15421,167,6,15533
-1388,1249,15304,168,6,15417
-1330,1193,15413,169,6,15516
-719,-819,15985,192,5,16022
-796,1600,15970,139,7,16069
-1335,1233,15390,170,6,15496
-720,-861,15988,193,5,16027
-822,1656,16024,140,7,16130
-1411,1276,15393,171,6,15510
-749,-871,15869,194,5,15910
-829,1628,15964,141,7,16068
-1411,1190,15503,172,6,15612
-1371,1216,15487,173,6,15595
-722,-880,15844,196,5,15884
-1429,1181,15496,174,6,15606
-743,-887,16114,197,5,16155
-823,1594,15990,144,7,16090
-1380,1251,15390,175,6,15502
-704,-869,15631,198,5,15670
-823,1604,15955,145,7,16056
-1385,1173,15466,176,6,15572
-714,-913,16142,199,5,16183
-789,1642,15996,146,7,16099
-1340,1229,15531,177,6,15637
-725,-875,15889,200,5,15929
-801,1657,15988,147,7,16093
-1409,1291,15442,178,6,15559
-1386,1222,15558,179,6,15667
-699,-845,15992,202,5,16029
-783,1630,16084,149,7,16185
-739,-873,16152,203,5,16192
-843,1683,15954,150,7,16064
-1409,1274,15522,181,6,15637
-721,-868,15992,204,5,16031
-905,1628,16034,151,7,16141
-1362,1262,15552,182,6,15662
-744,-861,16028,205,5,16068
-851,1648,15968,152,7,16075
-1393,1217,15504,183,6,15613
-775,1688,16020,153,7,16127
-1353,1224,15449,184,6,15556
-723,-866,15925,207,5,15964
-828,1632,16065,154,7,16168
-1390,1234,15473,185,6,15584
-1411,1243,15470,186,6,15583
-737,-808,15877,209,5,15914
-784,1665,15973,156,7,16078
-1409,1203,15442,187,6,15552
-717,-840,16037,210,5,16074
-794,1652,15991,157,7,16095
-708,-830,15835,211,5,15872
-785,1650,15957,158,7,16061
-1374,1266,15424,189,6,15536
-695,-942,16037,212,5,16079
-781,1638,15992,159,7,16094
-717,-894,15871,213,5,15912
-775,1643,16000,160,7,16102
-1439,1179,15412,191,6,15523
-1389,1182,15477,192,6,15584
-1410,1284,15494,193,6,15610
-765,-917,15975,216,5,16019
-890,1598,16066,163,7,16169
-1391,1212,15452,194,6,15561
-725,-899,15986,217,5,16027
-885,1611,16017,164,7,16122
-1393,1230,15493,195,6,15604
-653,-855,15935,218,5,15971
-830,1672,16008,165,7,16116
-1349,1288,15482,196,6,15593
-1364,1244,15559,197,6,15668
-711,-841,15908,220,5,15946
-827,1690,16100,167,7,16209
-689,-845,16112,221,5,16148
-814,1667,16164,168,7,16270
-1332,1260,15507,199,6,15615
-695,-877,15820,222,5,15859
-830,1648,16087,169,7,16192
-1351,1248,15555,200,6,15663
-701,-800,16077,223,5,16112
-817,1621,16044,170,7,16146
-1323,1245,15459,201,6,15565
-1342,1231,15455,202,6,15561
-1408,1267,15428,203,6,15543
-1325,1211,15417,204,6,15521
-649,-853,15976,227,5,16011
-791,1610,15972,174,7,16072
-1387,1206,15523,205,6,15631
-733,-827,15910,228,5,15948
-806,1624,15996,175,7,16098
-1342,1220,15437,206,6,15543
-695,-852,15856,229,5,15894
-858,1661,15944,176,7,16053
-1436,1228,15460,207,6,15575
-830,1671,15892,177,7,16001
-1308,1218,15503,208,6,15605
-753,-865,15792,231,5,15833
-725,1693,15902,178,7,16008
-1350,1310,15562,209,6,15675
-701,-877,15834,233,5,15873
-785,1634,16037,180,7,16139
-1271,1264,15555,211,6,15657
-802,1638,16038,181,7,16141
-1304,1231,15444,212,6,15547
-752,-862,15926,235,5,15967
-825,1633,15944,182,7,16048
-1352,1262,15597,213,6,15706
-764,-844,16074,236,5,16114
-827,1654,15972,183,7,16078
-1371,1230,15515,214,6,15623
-743,-866,15934,237,5,15974
-774,1662,16018,184,7,16122
-1362,1313,15592,215,6,15706
-1370,1029,15514,216,6,15608
